list(
b = c(
-0.08896126569131886,-0.08574673179934147,-0.114042605674525,-0.09426925037484882,-0.1005368541048322,
0.0427469405900016,0.04960327662175297,0.01144310548701366,0.01256026608046109,0.01588625596715272,
0.04486508986642512,0.02724404719385717,-0.09921863180866651,-0.01299377421070433,0.02352262069378622,
0.05631505951694132,0.02951725901451774,0.01467251767238288,0.01491407205760372,0.01691265383474914,
2.384952618093379E-4,0.004230608528081086,0.01419796733978404,-0.05917328313994308,-0.01232582151260359,
0.0387330524808559,0.02942563218668878,0.06583228596716696,0.02274960221969338,-0.02249629343050546,
-0.02835320310278046,-0.02446150693422661,-0.02900870364646508,-0.0401418824044551,-0.009807767406523499,
-0.05726612895217927,-0.012271405831346,-0.02680036823039402,-0.04835086752654517,-0.05712868181845248,
-0.07216952000233273,-0.05451022344177932,-0.06067132309513248,-0.05233486914906983,0.001586725859582431,
-0.01696015273254879,0.008520817503085884,-0.01265970057470047,0.005292399241528243,-8.122479498481839E-5,
0.02047376344649403,-2.673460613216546E-4,-0.04180655910732596,0.02713577611419114,-0.02215048270455456,
-0.01137687115556614,-0.006469094418607457,-0.01287064325323169,-0.01113416143177096,0.003621547848659662,
-0.07523982192726691,-0.01873531350068984,-0.02790997674546985,-0.01767699136805229,-0.08340376255941495,
-0.03165938494137285,-0.03794242873963882,-0.0209316320976652,-0.03434265372416716,-0.0642564351527663,
-0.006066588348972867,0.01202036032046941,0.02357859639507794,-0.01641827521114382,0.1064895779209769,
0.1131616780263013,-0.03210010976927602,0.09547465529187368,0.1013584292010544,0.09581053408945242,
-0.03491248639427669,-0.06856325425718295,-0.003115936060169835,-0.06560953650731877,-0.009891696856877553,
0.01236705916736258,0.01780602459692536,0.05194247578435423,0.01645436621960397,0.008859311623128573,
0.0310963408961506,0.003525804316555743,-0.04303233531643103,-0.08058833970231313,-0.06799188132738974,
-0.1026830649834803,-0.0877653274696865,-0.05899546546604929,0.06975758949437583,0.08753901649948004,
0.02779937944308136,0.02561539365321963,0.07388905767082475,0.07680392247847795,0.02740443604923266,
0.01283685425432887,0.02410145688970592,0.01298775579223907,0.005674774805713789,-0.001068284511567394,
0.02126763452070559,-0.074725062056786,0.01648751713405542,-0.01025444680031837,0.01182537799339079,
0.014055163383156,0.003362712319369001,-0.004175250497132865,0.03021796888627026,-0.01217593872991423,
-0.001006021079780454,-0.0217124197505268,-0.027972224540002,-0.01188865635942974,-0.01102701417180906,
-0.02531280786342701,-0.05678032784009728,0.05740966478430858,0.04903214767274607,-0.06214584184103165,
0.07098628215910423,0.06808555231793764,0.08907618676239877,0.1310101837685173,0.1019324582560853,
0.07156198908384548,0.0391986696436122,0.01658777181919337,-0.04293357559756883,-0.03546593388847839,
-0.0164556753120343,-0.007536798124773722,0.008633731222112801,-0.05452484120299837,0.1252155357297599,
0.09206947599539848,-0.04503755159287909,-0.04133176846854425,-0.03698684603248272,-0.004602270536542673,
0.01208950740863874,-0.005896557434988725,-0.03132149840673334,-0.07395213176036758,0.01574138161176023,
0.02928079909081388,0.02068411191240843,0.0486541676303435,0.09144939710599111,0.1230462134066662,
0.1072063861860383,0.07551480286979638,0.0962666365845733,0.09615161530237332,0.02681911054143865,
-0.015086385254156,0.03827349263197767,0.03960463259468966,-0.0317836606514515,-0.02453563700342601,
-0.04141932474770842,-0.01248555515262728,-0.02200763649894464,-0.006864436255802938,-0.07027609406533944,
-0.08819882231148835,0.0335173335005846,-0.101096122324258,-0.07688472795347079,-0.006468724063327567,
-0.02430038200185932,-0.0597604036774274,-0.05261485606991868,-0.02702353705860797,-0.04008020911880516,
-0.0673840564379959,-0.02538497598315692,-0.001219395956662588,-0.01175277588787569,0.05586426661786956,
0.06264249454020482,0.0380525611738076,-0.009955596340797958,0.05580191137768072,0.07664002544798802,
0.08561430715007345,0.07978821794980055,-0.004791544227459154,0.01012845780365433,0.03158296427524032,
0.009095287339836344,0.01888348882667889,0.05383010278524607,0.01186884657747199,0.02538455898393704,
0.05381800474581519,0.07419194088411589,0.1101798919064358,0.1142653576417519,0.1014695369550474,
0.1003087025932474,0.06176642067123919,-0.01486837041431452,0.02195622142261547,-0.001408131938259941,
0.005708586520064294,-0.03000736074860309,-0.04183261661430338,-0.0483548989865999,-0.0648751054116519,
-0.081941076545105,-0.02933856590576275,-0.02771813180859195,0.03193584654200964,-0.001900926679639058,
0.08830309210228281,0.07569621856395722,0.104342087760997,0.08948607758880973,0.05916414833703033,
0.03905872036845961,0.04571835044041819,0.05796029510864245,0.07214049764841973,-0.01756455943161181,
-0.03048218819157161,0.07284257259813906,0.08937828693669858,0.06107113985418867,0.08366688739640983,
0.0294121779124813,0.009487226569799792,-0.1010660907523229,0.07462265873414377,0.05440617292025977,
0.04585652975791228,0.06291816513925479,0.03705022711959045,0.04448756705066158,0.07808759634204586,
0.08884676812751537,0.09356280067916345,0.04077408986854448,-0.03118226317815728,-0.04577553788590752,
0.06571733855521701,0.0731058305861446,-0.04118468647005042,-0.01739824267105108,0.08259015013056133,
-0.0526224354263084,-0.0176196011790874,0.005892592756576866,-0.03536258217116055,0.006074026430949404,
-0.01682605683795009,-0.01461597617284623,0.0316825715339915,0.01847370287389084,0.02241617461093594,
0.02198271209357983,0.02452604624132336,-0.02508960576615811,-0.003349702914107579,-0.03863250614675368,
-0.03723249607274352,-0.01801477098090891,-0.04236666734257644,0.06275755022747072,0.07213615217516077,
0.008153659454677173,0.005469551680356149,0.02364468610165075,0.04776802626030604,0.1012805525720829,
0.03932907320639801,0.01159691099488932,-0.0193489825595131,-0.03977162066949398,-0.03264077436791315,
-0.04249480393480896,-0.09505822113472852,-0.07480476719448372,-0.07264339828365256,0.005832092401093351,
0.02541913903231158,0.009607234229963572,-0.07882226993177562,-0.05411277499582444,-0.07388786130494158,
-0.02223373795265137,-0.05249101548651679,-0.02486593175671563,-0.002951635802892788,0.02730962665320839,
0.00730645908870364,-0.02315956515774515,0.00110226617641674,0.05757300056191494,0.001794555834757322,
0.01072233242833536,-0.04070753627371435,-0.04660950839403882,0.04801650705893796,0.04339527170123161,
0.06690916564949573,0.07440310960147813,0.06510117098982299,0.07417547310820602,0.03643771244442905,
0.06545959913257443,0.01730591546251301,0.01376632165213958,-0.0934274711682483,-0.07084297339917479,
-0.08789004655513066,-0.09401942411285023,-0.09124694618361427,-0.1132198853155241,-0.1072273336109171,
-0.08032979836777258,-0.06127038639869103,-0.0711278789172216,-0.08591396982897428,-0.02927627445490436,
-0.03468603297929976,-0.03168366146607645,-0.01987336936697284,0.007138556664420826,7.487641603334689E-4,
0.06916769610258697,0.09469955308276307,0.07638688157939019,0.0577818053492371,0.06182820471234047,
0.04989227255245926,0.05261632908436163,0.03119811819698319,-0.05747495674300231,-0.001427596871606198,
-0.09420305111290268,-0.03667214414604601,-0.09376096130052189,-0.002847332746622679,0.03499252315805429,
0.04350280901609437,-0.07925338022717318,0.05645083039736799,0.02027422371153841,0.07394063154736882,
0.06079904369809572,0.03965358575677422,0.05759843516434579,0.03513240170728208,0.05144754302764044,
0.04246246651598241,0.03873016317125576,0.09371317668328721,0.007502218482601093,-0.1127502583285791,
-0.1284400599984496,-0.1173177496324677,-0.1070459581510386,-0.06578242953707802,0.002233365762249653,
-5.290780084790984E-4,0.00482632008052403,0.008545943728426961,-0.03529013469740105,-0.07500999275999368,
